
495 258 689 370 518 148
5 436 275 123 403 245
332 594 153 480 248 230
761 246 28 72 154 549
4 381 441 233 847 126
436 260 55 248 675 382
271 493 176 213 316 253
73 59 241 186 572 229
122 418 176 204 24 581
188 133 543 30 18 14
208 126 259 398 162 110
108 131 764 16 444 494
202 391 125 204 198 236
61 146 152 344 366 303
132 128 221 23 176 767
242 234 284 94 145 283
766 7 173 140 78 412
336 272 19 255 422 585
164 19 524 80 24 43
84 262 205 558 52 9
184 39 147 542 569 380
218 289 576 291 3 189
348 73 137 213 186 88
38 196 276 303 284 159
39 111 45 103 177 527
103 79 182 207 259 402
79 31 227 740 375 281
141 6 33 107 83 17
268 497 683 115 436 256
414 134 38 448 36 479
560 123 226 275 705 136
282 157 142 385 47 94
720 197 4 136 262 246
432 481 121 530 745 159
68 95 57 285 119 270
505 79 651 159 749 283
105 226 50 139 183 167
50 384 228 15 107 160
298 12 176 321 241 282
161 255 399 261 524 385
564 77 182 226 131 140
224 232 105 171 268 153
499 57 26 570 28 184
496 52 7 253 235 62
9 206 135 239 224 775
497 168 323 114 313 176
86 156 525 287 858 210
305 362 126 495 732 292
220 272 204 427 687 295
332 218 67 208 264 563
521 290 237 49 775 142
32 185 264 259 111 246
695 46 130 348 713 10
184 126 294 157 76 183
127 114 219 142 623 473
595 458 32 81 352 208
288 96 102 101 226 850
535 687 136 40 70 8
448 142 498 183 252 34
152 367 566 160 239 210
915 682 49 229 224 10
81 614 568 401 463 67
223 155 117 255 8 245
8 91 266 88 59 14
293 304 115 285 42 66
213 798 127 5 60 76
296 9 331 138 768 53
324 162 23 508 448 76
73 300 306 119 771 24
31 181 381 536 589 167
32 638 472 218 345 73
217 264 83 213 161 260
130 56 152 42 108 70
122 57 438 752 528 288
184 292 214 284 73 717
501 343 112 23 72 175
245 181 213 9 216 550
96 110 185 472 588 199
75 533 532 205 525 326
132 453 157 556 26 244
195 275 32 328 55 218
107 249 593 475 12 571
563 100 168 139 40 486
397 112 288 486 39 475
2 245 294 128 352 33
80 14 151 308 43 49
3 92 14 134 570 44
251 219 426 57 606 220
224 826 34 159 9 91
115 188 183 303 893 334
79 136 223 175 302 403
528 329 275 150 682 229
567 178 317 256 209 230
185 120 757 771 304 585
50 327 142 253 268 203
12 166 227 688 23 293
46 397 37 0 299 285
189 155 294 202 82 95
3 5 4 1 6 2
6 1 2 3 4 5
